00000000 00101011 00111110 00101011 11011001 00001100 10100110 00011101 10000010 01001011 00100010 10001011 10111010 10011111 11010011 10000101 10010101 00000001 11000100 11100011 10011111 11101110 11011110 00100101 10000111 11011000 10101000 11010111 11110010 00111100 01101001 10010100 10011011 00011111 00101011 01111110 10111000 11000011 00010100 
k2:
00010001 00111110 00111100 00110001 10011100 00001000 11111100 00010110 10001001 01001000 01100111 11000010 10100000 10011001 11011101 10000100 10010000 01010100 10010011 11110111 10011001 11101110 11011111 01100100 10100000 10001010 10111111 11001101 11100011 00100001 01100110 10011010 11010101 00111010 01101010 00100010 11101100 10011010 01010101 
k3:
01110100 01111111 01110011 00011111 10011100 00001000 11101111 00010110 10010101 01001010 01100011 11000000 11110111 10100100 11011001 10000110 10011101 00011010 10000101 10100111 10111011 11110010 11001001 00101100 10001010 10010110 10101001 11001001 11100100 00110011 01100001 10000110 10010010 00011111 00101011 00100110 11101101 10010000 00001101 
k4:
00001111 00110011 00110000 00101100 10011100 00011100 11101001 01010111 10001101 01010100 01111000 11000010 10100000 11010110 11000010 10001110 11011100 00011010 10001101 11100010 10010100 11100111 11000011 00100001 10000111 10011101 11100110 11001001 10110111 00110011 01101001 10011001 10010001 00010101 01100001 01101100 11110010 11000011 00001001 
k5:
00011011 00110000 00100110 00110001 10011100 00010110 10100110 00000000 10001110 01000100 01100001 10000111 10111101 11001100 10010110 10001100 10011000 00001101 10000110 11111110 11010000 11110011 11000011 00100001 11001011 10001100 10100011 10011110 11111000 00111010 01111010 10000010 10001111 00011011 01100010 01100000 10101000 10001101 00010000 
k6:
00000001 00111110 00111010 01111000 10001010 00010010 11100011 01010111 10000011 01001110 01110101 10001011 10110110 10010010 11000011 10000001 10011001 00011001 10011101 10101011 11010000 11110010 11001000 00110110 10001010 10000010 11100110 11010100 11110010 00101011 01111100 11000011 10011111 00010101 01101111 00100010 11110001 10001110 01011001 
k7:
00011000 00111010 00111111 00101011 10011000 00011000 11111111 00011101 10001001 01000100 00100010 10001101 10110011 10011101 11000100 10010010 10011111 00011101 10000001 10100111 10010111 11111000 11000101 00101000 10000100 10011111 10101001 11001001 10111001 01111000 00101000 11000001 10110110 00011111 00101011 00111000 11111010 10011001 00011100 
k8:
00001100 00111010 00111110 00110100 10010110 00011111 11111100 00001110 11001011 00000001 01101001 10010110 10111000 10000100 11001100 10010010 11011100 00010000 10001011 11101100 10011111 11110011 11001011 00101000 10000010 11011000 10110110 11010001 11111010 00110001 01101001 10010001 10000000 01010000 01101110 00100001 11100001 10010000 00010011 
k9:
00001000 00100101 00110000 00101011 10011000 00010110 11101111 01010111 10010011 01010011 01111000 10000111 10110101 10010111 10010110 10011011 10001110 00001110 10000001 11100000 10000010 11111100 11001001 01101000 11001011 10000010 10100011 11011100 11101110 01111000 01111000 10001100 10000001 00010101 01100110 01101100 11111100 10011010 00010101 
k10:
00011100 00111010 00110101 00110100 10001100 00011100 10100110 00000000 10010100 01010101 01100111 10010010 10111001 10001111 11010101 10000011 11011100 00011101 10001010 11100001 10011111 11101111 11000111 00100101 10001000 10010010 10101111 10011110 11110101 00111101 01101100 10011001 10011100 00010101 00101011 00111100 11101001 10010110 00000011 
k11:
00001111 00110011 00110000 00111011 10000011 00011110 11100001 00011000 11000111 01000000 01101001 10010111 10100101 10010111 11000010 11001011 10001011 01010100 10010000 11100010 10011110 10111101 11011001 00110100 10000100 10001011 10101001 11011100 10111011 01111000 01110010 10000010 11010101 00000000 01100100 00111111 11111010 10000110 00011101 
k12:
01101001 00011100 00111110 01111000 10001101 00001001 11111100 00010010 10000100 01001000 00100010 10000011 10111100 10000010 11001111 10011100 10010010 00001101 11000100 11110000 10000101 11110001 11000001 00100101 10000101 11011000 10101000 11011111 10110111 00101011 01111111 10001010 10010000 00010011 01100010 00101001 10101000 10010011 00010110 
k13:
00001001 00101101 00111110 00110110 10010000 00001000 11101010 00010110 10010000 00000001 01001001 10001101 10111010 10011001 11000100 10000100 10001011 00000111 10001111 11101110 11010000 11110000 11001011 01100100 10000101 10010111 10110001 11011111 10110111 00101000 01111010 10000010 10010110 00010101 00100101 01101100 10101000 10110100 00010101 
k14:
00000110 00110110 00110000 00110100 10010110 01011011 11100100 00001110 10000100 00000001 01101101 10010001 10100011 10000100 11011001 11000111 11011100 00010101 10001000 11100010 11010000 11110011 11000011 00100001 11001011 10011001 10111100 10011110 11100011 00111001 01100011 11001101 11010101 00100010 01100100 00111111 11110001 10001001 00001010
k15:
00011011 00111110 00111111 00110001 11011001 00111100 11100011 00000100 10001110 01000000 01110000 10001001 10110110 11010110 11000110 10011001 10000110 00001101 10010111 11111101 10011100 11111100 10001010 00110100 10000100 10011100 11100110 11001100 11110110 00110101 01101101 11000011 10001111 01010000 01100001 00101001 11101100 10001101 00000000 
k16:
00000100 00111100 00101011 00100001 10001110 00010010 11110101 00010100 10001110 01000100 00100010 10000001 10111000 10000101 10010110 10011111 10011101 00011001 11000100 11110111 10011111 11111001 11001111 00101110 10011001 10000010 10100011 11001001 11110110 00110100 01101101 10001110 11011001 01010000 01101001 00100011 10101000 10010100 01011001 
k17:
00000001 00111110 00111010 01111000 10011101 00010100 11110001 00011110 10000110 01000101 01110111 10001000 10110010 11010110 11000101 10000010 10011001 01010100 10100101 11010100 10101010 11111001 11010000 00101101 10001110 10010110 10101000 11010111 11111100 01110100 00101000 10000010 10000000 00000100 01100100 00111110 11101101 10001110 01011001
k18:
00000000 00101010 00100001 00101101 10010011 00011010 11100101 01010111 10000101 01001000 01101110 10000111 10100011 10001111 10010110 10000101 10011101 01010100 11000110 11000101 10011111 11101110 11000001 00100101 11001001 11011000 10100101 11000100 11101110 01111000 00101010 10100111 10010100 00011110 01111110 00111000 11101101 11000011 00101110
k19:
00000001 00111110 00111010 01111000 10001101 00010100 10100110 00011101 10000010 01000101 01101100 10000011 10111100 11010110 11011011 10000100 10000110 00011000 10001101 11110000 10010101 10110001 10001010 00111110 10001110 11011000 10101001 11011100 11100101 00111001 01110010 11000011 10001111 00010100 01100100 00100000 11101001 10001111 01011001
k20:
00011011 00110000 00111101 00101011 10010010 00010010 10100110 00111100 10001000 01010010 01100001 10001011 10111000 10011010 10010110 10000101 10010101 00010001 11000100 11111101 10010001 11110000 11000011 00100001 10011001 10000010 10100111 10011110 11110100 00100010 01101101 10001000 10010100 00010011 00101011 00100010 11101001 11000011 00011101 

k:
00000000 00110110 00111111 00111111 10011000 01011011 11010100 00000010 10010100 01001000 01101100 11000010 10100101 10011001 11010100 10000010 11011100 00000111 10000001 11101011 10010110 11110100 11001111 01100100 10010001 11011000 10110001 11010111 11110010 00110100 01101010 10001111 10010100 00010100 01101110 00100001 10100110 11001101 01010111 
: